trueC,trueW,estC,estW1,estW2,estW3,estW4,estW5
0.5,equal,2.24499,0.0539259,0.0910125,0.299142,0.0337183,0.522201
0.5,equal,0.860056,0.151921,0.0255564,0.66519,0.119348,0.0379842
0.5,equal,2.09115,0.217345,0.199686,0.0798414,0.492537,0.0105904
0.5,equal,1.66104,0.166439,0.117989,0.215195,0.432092,0.0682838
0.5,equal,1.23098,0.106274,0.2165,0.244454,0.386099,0.0466728
0.5,equal,1.33469,0.135824,0.0587886,0.265132,0.0295128,0.510742
0.5,equal,0.989241,0.127939,0.0694882,0.536201,0.0310112,0.23536
0.5,equal,1.16321,0.0426385,0.252807,0.0357116,0.420149,0.248694
0.5,equal,1.34551,0.416147,0.0998583,0.34955,0.0547718,0.0796727
0.5,equal,1.70977,0.0130087,0.0442369,0.0298615,0.188795,0.724098
0.5,equal,1.65767,0.324032,0.140414,0.259425,0.081876,0.194252
0.5,equal,0.669642,0.249326,0.191912,0.0855953,0.0686986,0.404468
0.5,equal,0.484577,0.0711891,0.218203,0.1085,0.134701,0.467407
0.5,equal,1.0137,0.218717,0.353776,0.324246,0.00479918,0.0984626
0.5,equal,1.1116,0.184415,0.0776766,0.568228,0.0367341,0.132947
0.5,equal,1.8338,0.117769,0.190083,0.237348,0.175812,0.278988
0.5,equal,2.7151,0.138172,0.102684,0.133747,0.229779,0.395618
0.5,equal,3.47495,0.146414,0.166079,0.27837,0.211583,0.197554
0.5,equal,3.72605,0.0835679,0.0736991,0.202568,0.289771,0.350394
0.5,equal,1.34048,0.00668441,0.0605929,0.295644,0.0833278,0.553751
0.5,equal,4.3695,0.186007,0.0895324,0.181712,0.155796,0.386952
0.5,equal,1.7414,0.00199519,0.012731,0.344117,0.0970177,0.544139
0.5,equal,1.96652,0.00192938,0.00903858,0.281174,0.169472,0.538386
0.5,equal,2.8615,0.0993175,0.0981374,0.41342,0.0435292,0.345595
0.5,equal,1.62515,0.228787,0.163762,0.0893484,0.280984,0.237118
0.5,equal,0.737377,0.00753574,0.209381,0.362843,0.147213,0.273027
0.5,equal,1.93126,2.5084e-4,0.0436581,0.167861,0.187943,0.600287
0.5,equal,2.58777,0.0104747,0.0989265,0.354752,0.0361774,0.499669
0.5,equal,1.99204,0.0475751,0.027829,0.150379,0.497426,0.276791
0.5,equal,1.8659,0.158215,0.0452516,0.348664,0.175431,0.272438
0.5,equal,1.11212,0.0751711,0.0226741,0.259655,0.41622,0.22628
0.5,equal,3.39889,0.10555,0.00145596,0.27714,0.0334192,0.582436
0.5,equal,1.03686,0.0950649,0.00547319,0.0621128,0.0102898,0.827059
0.5,equal,1.23952,0.108569,0.00475796,0.096717,0.011451,0.778505
0.5,equal,1.38162,0.187067,0.115987,0.221924,0.468497,0.00652569
0.5,equal,1.24637,0.11232,0.178984,0.0303148,0.0380575,0.640323
0.5,equal,3.55426,0.148033,0.0629606,0.413098,0.125608,0.250301
0.5,equal,3.61027,0.25277,0.0847608,0.312004,0.282373,0.0680927
0.5,equal,3.98726,0.211507,0.0992367,0.418449,0.180366,0.0904414
0.5,equal,0.91349,0.00611623,8.6966e-4,0.0395928,0.104997,0.848424
0.5,equal,1.55499,0.0118753,0.00324615,0.167739,0.343609,0.473531
0.5,equal,1.28505,0.0123056,0.00157701,0.0663841,0.394056,0.525677
0.5,equal,1.69649,0.303451,0.00588873,0.478511,0.0814151,0.130735
0.5,equal,3.32416,0.00626961,0.115675,0.0261107,0.191129,0.660815
0.5,equal,2.8235,0.00594868,0.17346,0.0465047,0.132121,0.641966
0.5,equal,3.28682,0.00387355,0.00930209,0.424321,0.163936,0.398567
0.5,equal,3.89242,0.0110468,0.179845,0.364848,0.0257961,0.418464
0.5,equal,3.28429,0.0328435,0.0571585,0.553452,0.0437209,0.312825
0.5,equal,2.31993,0.0146497,0.0576084,0.267199,0.437353,0.22319
0.5,equal,1.78034,0.124153,0.122026,0.095545,0.0201825,0.638094
0.5,equal,2.05542,0.124695,0.0916885,0.0489318,0.0119733,0.722712
0.5,equal,3.0865,0.112577,0.0109312,0.269176,0.325532,0.281784
0.5,equal,3.95594,0.0536795,0.044012,0.134304,0.29573,0.472275
0.5,equal,4.2274,0.0276724,0.119228,0.144947,0.126828,0.581325
0.5,equal,0.212963,0.527675,0.0718352,0.147307,0.182082,0.0711009
0.5,equal,0.55161,0.50669,0.433779,0.0191314,0.0309429,0.00945604
0.5,equal,0.558622,0.139907,0.092011,0.380897,0.0534184,0.333767
0.5,equal,3.19495,0.00582218,0.0818885,0.125098,0.189582,0.59761
0.5,equal,3.3204,0.228207,0.0670498,0.370462,0.00725125,0.327031
0.5,equal,2.56343,0.0366237,0.0680326,0.191331,0.172351,0.531662
0.5,equal,1.8845,0.0494273,0.0826473,0.20625,0.207738,0.453937
0.5,equal,2.05447,0.0431385,0.155013,0.151599,0.237717,0.412533
0.5,equal,3.42008,0.208269,0.0090419,0.0645276,2.70374e-4,0.717891
0.5,equal,0.44861,0.0924174,0.0157186,0.439972,0.00257856,0.449313
0.5,equal,4.05586,0.0290665,0.12055,0.110305,0.406841,0.333237
0.5,equal,3.54002,0.032534,0.121122,0.0799179,0.150805,0.615621
0.5,equal,0.745386,0.290154,0.102464,0.331859,0.132197,0.143326
0.5,equal,1.24899,0.135553,0.281389,0.106113,0.188239,0.288706
0.5,equal,1.36363,0.10638,0.13412,0.0936208,0.0917051,0.574174
0.5,equal,3.20918,0.0567221,0.0841526,0.395056,0.130304,0.333766
0.5,equal,3.67256,0.0443794,0.0846506,0.462095,0.145774,0.263101
0.5,equal,1.83573,0.0210157,0.0520574,0.180291,0.0747055,0.67193
0.5,equal,1.4184,0.182891,0.39372,0.188965,0.201527,0.0328974
0.5,equal,1.67828,0.0857528,0.0194501,0.140682,0.0526968,0.701419
0.5,equal,3.28905,0.0555369,0.167794,0.0905156,0.267724,0.418429
0.5,equal,1.63744,0.188374,0.0263947,0.237295,0.0819176,0.466018
0.5,equal,1.34633,0.163919,0.0169208,0.263715,0.156829,0.398617
0.5,equal,4.00896,0.0568795,0.00786793,0.227319,0.193668,0.514266
0.5,equal,1.63629,0.0415403,0.0763442,0.484574,0.0208385,0.376703
0.5,equal,1.58415,0.353012,0.172387,0.0901377,0.0640578,0.320405
0.5,equal,2.68465,0.00224286,0.0860775,0.379035,0.252479,0.280165
0.5,equal,1.08183,0.16302,0.0997366,0.172079,0.0444698,0.520695
0.5,equal,2.34251,0.168669,0.0302287,0.189778,0.0614459,0.549879
0.5,equal,2.29311,0.136406,0.027844,0.128519,0.0687662,0.638465
0.5,equal,2.59984,0.0839288,0.0960762,0.350816,0.229892,0.239286
0.5,equal,0.877104,0.380523,0.0293886,0.0525871,0.186925,0.350576
0.5,equal,1.08252,0.203479,0.54403,0.209215,0.0328975,0.0103791
0.5,equal,2.3365,0.0345558,0.00942626,0.0145646,0.118209,0.823245
0.5,equal,0.332582,0.0633365,0.123022,0.593691,0.063702,0.156249
0.5,equal,0.834561,0.350256,0.261151,0.0179861,0.0115693,0.359037
0.5,equal,1.8167,0.0622738,0.0422704,0.689982,0.188623,0.0168508
0.5,equal,0.701084,0.410119,0.0962772,0.340529,0.128415,0.0246596
0.5,equal,1.40916,0.0668167,0.0338923,0.0934137,0.0813107,0.724567
0.5,equal,1.41133,0.0880681,0.0927377,0.13417,0.0822951,0.602729
0.5,equal,3.47115,0.0701179,0.0673362,0.409717,0.106369,0.34646
0.5,equal,3.00025,0.0547084,0.065969,0.245206,0.183086,0.451031
0.5,equal,1.77283,0.156427,0.0794846,0.115872,0.197818,0.450398
0.5,equal,1.54085,0.137781,0.0674384,0.0164886,0.0974086,0.680883
0.5,equal,2.51039,0.0581535,0.217752,0.0822772,0.330348,0.31147
0.5,equal,0.59355,0.113666,0.0844209,0.248303,0.106297,0.447313
0.5,equal,3.82677,0.092899,0.0686573,0.30508,0.117607,0.415756
0.5,equal,0.992081,0.040819,0.141159,0.0575372,0.344145,0.416339
0.5,equal,1.05594,0.508794,0.0493022,0.280988,0.0892899,0.0716257
0.5,equal,1.34455,0.00798624,0.0133043,0.0233493,0.271227,0.684133
0.5,equal,2.46945,0.0481085,0.22414799999999999,0.0889989,0.0568913,0.581853
0.5,equal,0.305844,0.470241,0.160972,0.0297237,0.182613,0.156451
0.5,equal,2.91548,0.0482905,0.137229,0.145216,0.140921,0.528343
0.5,equal,1.00805,0.033308,0.108258,0.261736,0.0550807,0.541617
0.5,equal,2.83444,0.0489485,0.0329936,0.105755,0.0571688,0.755134
0.5,equal,3.79519,0.09961,0.177488,0.20256,0.0700168,0.450326
0.5,equal,2.79894,0.176437,0.0545877,0.222653,0.142446,0.403877
0.5,equal,1.32544,0.137318,0.128448,0.247236,0.219413,0.267585
0.5,equal,1.65063,0.155213,0.150428,0.296421,0.0663861,0.331552
0.5,equal,1.57395,0.134949,0.232227,0.416898,0.0339066,0.18202
0.5,equal,1.47391,0.0036683,0.103022,0.0650351,0.177005,0.651269
0.5,equal,1.40177,0.484977,0.0554114,0.133997,0.213836,0.111778
0.5,equal,1.19801,0.00946227,0.261336,0.132477,0.0607176,0.536007
0.5,equal,3.03217,0.0206819,0.0414512,0.229925,0.174016,0.533926
0.5,equal,1.08082,0.0716996,0.230816,0.209519,0.161163,0.326802
0.5,equal,3.59347,0.0208934,0.0108862,0.219578,0.195897,0.552745
0.5,equal,3.48937,0.0447506,0.0198169,0.508048,0.144271,0.283113
0.5,equal,1.16193,0.0559992,0.218474,0.0837232,0.325724,0.31608
0.5,equal,2.77944,0.0882369,0.0161512,0.604551,0.0732756,0.217785
0.5,equal,2.04212,0.14188,0.189339,0.0577401,0.0782506,0.53279
0.5,equal,2.17586,7.97291e-4,0.0256361,0.434667,0.350159,0.18874
0.5,equal,1.69655,7.48122e-4,0.0174012,0.823692,0.119065,0.0390933
0.5,equal,2.98527,0.181164,0.0305673,0.0585393,0.0686524,0.661077
0.5,equal,2.98527,0.181164,0.0305673,0.0585393,0.0686524,0.661077
0.5,equal,2.54123,0.0741365,0.196124,0.277535,0.0623498,0.389855
0.5,equal,2.24235,0.0845435,0.208903,0.379069,0.0373136,0.290171
0.5,equal,1.75107,0.238608,0.0688102,0.267327,0.120554,0.304701
0.5,equal,2.42917,0.0762891,0.00296351,0.178101,0.00924757,0.733399
0.5,equal,2.23325,0.205089,5.28919e-4,0.434341,0.00218733,0.357853
0.5,equal,3.42472,0.0154334,1.6365e-4,0.0978728,0.438242,0.448288
0.5,equal,3.78654,0.00495388,7.26851e-4,0.221656,0.0899442,0.682719
0.5,equal,3.44284,0.0127217,0.00348451,0.208699,0.417305,0.35779
0.5,equal,1.48158,0.181071,0.148315,0.233035,0.0591829,0.378396
0.5,equal,2.92388,0.056702,0.0764811,0.1632,0.304079,0.399538
0.5,equal,1.23272,0.271721,0.216788,0.163982,0.0501047,0.297405
0.5,equal,0.498977,0.182486,0.204441,0.0153198,0.329136,0.268617
0.5,equal,0.785636,0.120746,0.196168,0.0106018,0.335888,0.336596
0.5,equal,2.73168,0.0299704,0.0584456,0.693935,0.0291341,0.188514
0.5,equal,1.22229,0.101036,0.0450606,0.0163687,0.00225548,0.835279
0.5,equal,2.12427,0.102384,0.0699794,0.0557688,0.00211824,0.769749
0.5,equal,3.2783,0.114868,0.136486,0.54206,0.0628151,0.143772
0.5,equal,1.84172,0.128099,0.0572226,0.432213,0.095605,0.28686
0.5,equal,3.7385100000000002,0.0655307,0.113669,0.0791697,0.119614,0.622017
0.5,equal,3.08616,0.0303352,0.0473457,0.16906,0.423951,0.329308
0.5,equal,0.554438,0.317924,0.0410881,0.197199,0.0340008,0.409788
0.5,equal,4.40476,0.0300281,0.0937232,0.195905,0.322328,0.358016
0.5,equal,2.66732,0.0457809,0.0782598,0.1521,0.0613343,0.662525
0.5,equal,1.4538,0.0351153,0.138023,0.325076,0.0684642,0.433322
0.5,equal,1.8425,0.0286755,0.129418,0.660807,0.073422,0.107678
0.5,equal,0.748821,0.201058,0.026961,0.103962,0.340917,0.327102
0.5,equal,0.770607,0.300559,0.0704008,0.383773,0.170787,0.0744802
0.5,equal,1.08014,0.0461373,0.239033,0.12057,0.417265,0.176994
0.5,equal,2.60474,0.171076,0.0729959,0.19435,0.00422093,0.557357
0.5,equal,1.84204,0.0630782,0.308165,0.0559338,0.117585,0.455238
0.5,equal,2.63307,0.0242349,0.0110246,0.582596,0.132134,0.250011
0.5,equal,1.68282,0.232237,0.0917383,0.0328555,0.116405,0.526765
0.5,equal,2.27435,0.245645,0.0485405,0.0390701,0.126733,0.540011
0.5,equal,1.02714,0.0681561,0.149042,0.245633,0.250715,0.286454
0.5,equal,3.33228,0.145307,0.0789707,0.235662,0.132508,0.407553
0.5,equal,3.13072,0.0420093,0.039765,0.330056,0.198154,0.390016
0.5,equal,1.55201,0.0619557,0.115962,0.412386,0.0741629,0.335534
0.5,equal,0.680687,0.192364,0.0227608,0.0660971,0.232601,0.486178
0.5,equal,3.27587,0.0944036,0.142397,0.333604,0.108957,0.320639
0.5,equal,3.33562,0.0282722,0.0136499,0.151473,0.274273,0.532332
0.5,equal,0.996459,0.242153,0.0915405,0.220156,0.0758012,0.37035
0.5,equal,3.35499,0.0579877,0.0803898,8.13672e-4,0.288524,0.572285
0.5,equal,1.15571,0.114689,0.131947,0.715662,0.01649,0.0212121
0.5,equal,1.0258100000000001,0.0696426,0.149033,0.764468,0.00504263,0.0118142
0.5,equal,0.686947,0.165216,0.175849,0.29108,0.239694,0.128161
0.5,equal,2.98949,0.0738202,0.0741571,0.0648454,0.0826224,0.704555
0.5,equal,2.29226,0.0101358,0.0975694,0.487004,0.160793,0.244498
0.5,equal,2.89395,0.0241657,0.110128,0.274486,0.191862,0.399358
0.5,equal,1.28513,0.0694393,0.0768197,0.429635,0.113005,0.311101
0.5,equal,2.6816,0.149631,0.072504,0.186846,0.0187601,0.572259
0.5,equal,2.70466,0.0701714,0.0757107,0.222411,0.0344826,0.597225
0.5,equal,1.53576,0.187718,0.0178945,0.342388,0.389922,0.0620766
0.5,equal,2.43913,0.0603706,0.0403504,0.295108,0.0311737,0.572997
0.5,equal,1.88962,0.208083,0.0248032,0.40405,0.0735047,0.28956
0.5,equal,3.27488,0.125866,0.0450711,0.505298,0.0389624,0.284802
0.5,equal,3.54116,0.120602,0.173409,0.333301,0.0579413,0.314747
0.5,equal,3.54116,0.120602,0.173409,0.333301,0.0579413,0.314747
0.5,equal,2.39444,0.117356,0.0676021,0.112222,0.138529,0.564291
0.5,equal,2.32566,0.0589269,0.122955,0.231196,0.175195,0.411727
0.5,equal,2.25747,0.123592,0.120515,0.188083,0.106374,0.461436
0.5,equal,2.58936,0.0954832,0.0736511,0.0799699,0.184611,0.566285
0.5,equal,2.95876,0.134425,0.0215563,0.133593,0.0755434,0.634883
0.5,equal,1.19487,0.170757,0.382185,0.196836,0.16535,0.0848718
0.5,equal,0.540583,0.136169,0.251235,0.0494352,0.103093,0.460067
0.5,equal,2.41446,0.0625767,0.133731,0.456193,0.200557,0.146942
0.5,equal,2.35573,0.15468,0.0825804,0.278979,0.0427343,0.441026
0.5,equal,2.0159,0.0451472,0.0715338,0.263813,0.447857,0.171649
0.5,equal,2.11045,0.047074,0.0703791,0.346632,0.431787,0.104127
0.5,equal,1.35179,0.274417,0.121548,0.171687,0.0347449,0.397603
0.5,equal,1.98996,0.033228,0.0323952,0.101395,0.440599,0.392383
0.5,equal,2.96728,0.0208893,0.15076,0.444395,0.131708,0.25224800000000003
0.5,equal,2.88617,0.123529,0.0208479,0.106375,0.174452,0.574795
0.5,equal,0.893735,0.0224815,0.4069,0.266895,0.123587,0.180136
0.5,equal,2.4738,0.150489,0.041086,0.140441,0.184761,0.483223
0.5,equal,2.19233,0.0525858,0.0148202,0.42555,0.159158,0.347886
0.5,equal,2.1952,0.19113,0.146535,0.102097,0.138612,0.421626
0.5,equal,0.52745,0.214852,0.0990024,0.0328861,0.265702,0.387558
0.5,equal,2.04897,0.0978622,0.235979,0.469275,0.0839352,0.112948
0.5,equal,1.99253,0.0538289,0.139757,0.47864,0.242207,0.0855672
0.5,equal,1.01443,0.124019,0.0895013,0.17333,0.139007,0.474142
0.5,equal,4.40685,0.0118315,0.0995823,0.0884541,0.10067,0.699462
0.5,equal,4.34061,0.00441789,0.100367,0.304363,0.239503,0.351349
0.5,equal,4.15158,0.0217161,0.021978,0.079735,0.178829,0.697742
0.5,equal,1.008,0.136456,0.213294,0.36506,0.128732,0.156459
0.5,equal,2.06007,0.184785,0.0681218,0.0625122,0.144221,0.540359
0.5,equal,0.552887,0.0086007,0.145114,0.00700571,0.385556,0.453724
0.5,equal,2.64224,0.0479242,0.123123,0.547208,0.081362,0.200382
0.5,equal,1.16798,0.360051,0.15215,0.017406,0.181223,0.289171
0.5,equal,2.20783,0.048462,0.12901,0.644417,0.0747788,0.103333
0.5,equal,2.4333,0.0504391,0.112814,0.0761663,0.412325,0.348255
0.5,equal,2.14863,0.0554643,0.0564834,0.165938,0.211656,0.510458
0.5,equal,2.98375,0.0866024,0.0767534,0.25637,0.124341,0.455933
0.5,equal,3.5698,0.0299168,0.1039,0.225593,0.0821329,0.558457
0.5,equal,2.22377,0.0208677,0.0679379,0.241606,0.336478,0.33311
0.5,equal,0.52644,0.231339,0.070529,0.0877735,0.203478,0.40688
0.5,equal,1.30863,0.203049,0.474573,0.269981,0.0503126,0.00208467
0.5,equal,1.06559,0.0781677,0.00528042,0.0194128,0.0795957,0.817543
0.5,equal,1.10948,0.187557,0.304496,0.252911,0.0871397,0.167896
0.5,equal,0.754518,0.0367784,0.265428,0.209002,0.169414,0.319379
0.5,equal,1.3293,0.18851,0.244101,0.163601,0.195928,0.207859
0.5,equal,1.48624,0.0957274,0.0358794,0.409681,0.175898,0.282814
0.5,equal,4.15563,0.123772,0.148481,0.204195,0.0219373,0.501614
0.5,equal,3.29587,0.0318894,0.0773208,0.146751,0.0274874,0.716551
0.5,equal,0.912716,0.0488635,0.0874558,0.505761,0.337056,0.0208629
0.5,equal,2.4784,0.203107,0.196168,0.03711,0.010124,0.55349
0.5,equal,1.79195,0.14657800000000001,0.0492164,0.0182279,0.158665,0.627313
0.5,equal,3.3124,0.0802091,0.142486,0.0585169,0.20158,0.517208
0.5,equal,1.79616,0.0189061,0.0487856,0.0794081,0.252843,0.600057
0.5,equal,1.67635,0.0382699,0.0175411,0.366588,0.213408,0.364192
0.5,equal,1.3454,0.415159,0.116851,0.228698,0.0119809,0.22731
0.5,equal,0.809212,0.0484623,0.238527,0.175481,0.486178,0.051352
0.5,equal,1.01745,0.356473,0.211189,0.013834,0.113204,0.3053
0.5,equal,1.03635,0.399089,0.254882,0.0104258,0.0897478,0.245856
0.5,equal,1.1915,0.35809,0.279908,0.00425269,0.0586732,0.299076
0.5,equal,0.639151,0.193979,0.304731,0.0154976,0.207495,0.278298
0.5,equal,1.71614,0.257624,0.17396,0.39599,0.0759015,0.096524
0.5,equal,1.28639,0.385599,0.116647,0.17348,0.143671,0.180604
0.5,equal,1.4966,0.454872,0.101661,0.263431,0.0997503,0.0802853
0.5,equal,1.16975,0.0391422,0.250093,0.207396,0.0206277,0.48274
0.5,equal,1.35721,0.0490952,0.255214,0.202785,0.0176511,0.475255
0.5,equal,1.13586,0.0459797,0.0474993,0.561956,0.0244015,0.320163
0.5,equal,1.11955,0.318515,0.168269,0.176595,0.0802411,0.25638
0.5,equal,0.818297,0.157246,0.114864,0.185612,0.286078,0.2562
0.5,equal,4.47594,0.051466,0.0606608,0.75338,0.134415,7.77609e-5
0.5,equal,0.200902,0.278829,0.109755,0.0521737,0.554956,0.00428592
0.5,equal,1.05881,0.077055,0.318829,0.420846,0.0907064,0.0925646
0.5,equal,0.819723,0.15182,0.244129,0.108061,0.226163,0.269826
0.5,equal,1.75498,0.140165,0.123875,0.12097,0.103246,0.511744
0.5,equal,4.20531,0.00725949,0.0670134,0.0909716,0.00890754,0.825848
0.5,equal,0.788181,0.00248323,0.155075,0.265184,0.147123,0.430135
0.5,equal,2.41202,0.0291919,0.0590209,0.049154,0.199927,0.662706
0.5,equal,0.899069,0.338885,0.23806,0.0730241,0.128742,0.221289
0.5,equal,1.81851,0.0784355,0.106355,0.0247778,0.215686,0.574745
0.5,equal,2.28083,0.22011,0.06298,0.188362,0.142814,0.385734
0.5,equal,2.38745,0.0430459,0.141156,0.368214,0.155426,0.292158
0.5,equal,0.641673,0.44075,0.0327779,0.162905,0.0875123,0.276055
0.5,equal,3.22379,0.0284881,0.0568756,0.454814,0.362202,0.0976202
0.5,equal,3.3181,0.0913516,0.0185372,0.229352,0.0207389,0.64002
0.5,equal,1.83336,0.154415,0.166227,0.209054,0.334167,0.136137
0.5,equal,1.18022,0.099804,0.141973,0.106458,0.0770737,0.574691
0.5,equal,1.77588,0.16347,0.100931,0.373594,0.315276,0.0467294
0.5,equal,1.10787,0.127635,0.120987,0.473291,0.225416,0.0526722
0.5,equal,3.13859,0.095314,0.107566,0.0454787,0.207716,0.543925
0.5,equal,1.58889,0.237253,0.112368,0.220224,0.0889819,0.341173
0.5,equal,4.14473,0.0325705,0.0500632,0.0301819,0.334184,0.553
0.5,equal,2.36421,0.0496664,0.272789,0.0480159,0.394903,0.234626
0.5,equal,2.86587,0.126307,0.026559,0.0888125,0.154268,0.604053
0.5,equal,1.72543,0.177579,0.201261,0.278383,0.163156,0.179621
0.5,equal,4.23425,0.0434373,0.00981808,0.180438,0.119603,0.646703
0.5,equal,0.60768,0.254512,0.0566581,0.292067,0.181924,0.214839
0.5,equal,1.5911,0.268144,0.025875,0.222529,0.204533,0.278918
0.5,equal,1.43084,0.113707,0.0803028,0.122449,0.326652,0.356889
0.5,equal,3.45031,0.124738,0.0895021,0.123024,0.185032,0.477703
0.5,equal,0.779739,0.156978,0.067964,0.59279,0.062918,0.11935
0.5,equal,1.58919,0.146959,0.269922,0.0711934,0.198805,0.313121
0.5,equal,1.84574,0.0927346,0.12870500000000001,0.0570474,0.349188,0.372324
0.5,equal,1.6636,0.0815792,0.12251,0.687512,0.0571325,0.0512666
0.5,equal,1.52879,0.234995,0.136186,0.0255364,0.107612,0.49567
0.5,equal,1.21937,0.114764,0.230137,0.529778,0.0945572,0.0307642
0.5,equal,1.56416,0.0938304,0.141316,0.123289,0.246124,0.395441
0.5,equal,0.729764,0.316127,0.249959,0.176389,0.170866,0.0866598
0.5,equal,1.56568,0.128327,0.143954,0.304093,0.0802699,0.343355
0.5,equal,0.69454,0.321839,0.270864,0.148085,0.200843,0.0583691
0.5,equal,1.50567,0.356383,0.340144,0.0975372,0.162364,0.0435713
0.5,equal,1.28459,0.403997,0.302853,0.102276,0.13651,0.054364
0.5,equal,2.07458,0.0263314,0.0039416,0.598711,0.0884503,0.282566
0.5,equal,2.36138,0.0638375,0.00122356,0.345584,0.134675,0.45468
0.5,equal,1.77906,0.00666504,7.32851e-4,0.701719,0.0251091,0.265774
0.5,equal,2.56603,0.123438,0.033104,0.00668884,0.251895,0.584874
0.5,equal,2.73249,0.0104782,0.00546979,0.0520909,0.270902,0.661059
0.5,equal,1.86788,0.00671817,0.00504504,0.678263,0.0646521,0.245322
0.5,equal,2.20579,9.82431e-4,0.194746,0.177047,0.439732,0.187493
0.5,equal,0.991793,0.00550053,0.144811,0.36086,0.173479,0.31535
0.5,equal,1.83306,0.28991,0.131203,0.0814377,0.236005,0.261445
0.5,equal,0.2437,0.101912,0.188644,0.229335,0.460639,0.01947
0.5,equal,1.05316,0.0361003,0.0190646,0.301637,0.350617,0.292581
0.5,equal,1.69716,0.0193493,0.138682,0.252812,0.112788,0.476369
0.5,equal,1.81496,0.0255301,0.159816,0.0304658,0.102507,0.681681
0.5,equal,0.783607,0.499719,0.124825,0.0246071,0.190601,0.160248
0.5,equal,3.58237,0.00610113,0.040643,0.489942,0.0566031,0.40671
0.5,equal,1.35661,0.0390131,0.140966,0.104907,0.0485527,0.666561
0.5,equal,2.30699,0.152948,0.0662184,0.230825,0.151278,0.398731
0.5,equal,1.49225,0.113925,0.0549116,0.0263825,0.215408,0.589373
0.5,equal,1.7212,0.0224066,0.0304118,0.664898,0.121149,0.161135
0.5,equal,2.42576,0.0090575,0.0238159,0.383355,0.451384,0.132387
0.5,equal,0.916184,0.4568,0.284039,0.0495473,0.00414584,0.205468
0.5,equal,2.65414,0.0337917,0.00680279,0.169959,0.264819,0.524628
0.5,equal,3.72519,0.134746,0.0509804,0.60266,0.0396159,0.171998
0.5,equal,0.445882,0.134419,0.260629,0.35176,0.103543,0.149649
0.5,equal,0.335233,0.113045,0.213171,0.443732,0.0860298,0.144022
0.5,equal,1.17701,0.084428,0.0575467,0.27945,0.024483,0.554092
0.5,equal,3.51398,0.00403885,0.0643103,0.182317,0.508666,0.240668
0.5,equal,0.778009,0.289415,0.186421,0.0642727,0.0235293,0.43636200000000003
0.5,equal,0.882896,0.144004,0.175755,0.021513,0.296057,0.362671
0.5,equal,1.98335,0.058191,0.128048,0.538534,0.0318711,0.243356
0.5,equal,2.46978,0.203069,0.019947,0.187743,0.273885,0.315356
0.5,equal,1.18648,0.119553,0.0151787,0.233932,0.221227,0.410109
0.5,equal,1.42223,0.0653005,0.00377092,0.782983,0.00649099,0.141455
0.5,equal,2.32902,0.0404187,0.00455632,0.679801,0.0193034,0.25592
0.5,equal,3.64155,0.128797,0.0884083,0.242503,0.446912,0.0933799
0.5,equal,1.03233,0.143535,0.16576,0.555707,0.0471254,0.0878725
0.5,equal,2.95909,0.163662,0.09611,0.357275,0.254107,0.128846
0.5,equal,2.55021,0.0631497,0.106719,0.519098,0.179429,0.131605
0.5,equal,2.31431,0.15288,0.0824833,0.0482629,0.0292723,0.687101
0.5,equal,1.85393,0.05674,0.175353,0.183984,0.317825,0.266098
0.5,equal,0.654512,0.106849,0.16209,0.31028,0.0851249,0.335657
0.5,equal,4.25157,0.109608,0.0794884,0.129812,0.212801,0.46829
0.5,equal,3.80599,0.118317,0.0193352,0.0326474,0.170637,0.659063
0.5,equal,0.717598,0.127783,0.344913,0.324889,0.0101005,0.192315
0.5,equal,0.576973,0.182552,0.567444,0.0556178,0.0124098,0.181976
0.5,equal,2.16849,0.17956,0.0145651,0.319563,0.00935038,0.476962
0.5,equal,2.33702,0.0619423,0.103171,0.14891,0.0709422,0.615035
0.5,equal,1.49164,0.125339,0.210412,0.343183,0.174579,0.146487
0.5,equal,1.24848,0.306267,0.0605613,0.516322,0.0656547,0.051195
0.5,equal,1.50722,0.0548788,0.151577,0.0355464,0.133334,0.624664
0.5,equal,2.67851,0.0359891,0.103279,0.350296,0.191835,0.318601
0.5,equal,2.68019,0.0358192,0.1547,0.16738,0.282128,0.359973
0.5,equal,1.56265,0.0368843,0.0546186,0.277892,0.0411221,0.589483
0.5,equal,1.69559,0.0919196,0.0753079,0.293984,0.0114327,0.527355
0.5,equal,2.94094,0.0850885,0.12713,0.0864464,0.44662,0.254716
0.5,equal,2.38504,0.0296105,0.0268426,0.594391,0.125811,0.223345
0.5,equal,1.03688,0.296254,0.148653,0.0285123,0.120562,0.406019
0.5,equal,3.06514,0.03155,0.0739847,0.135597,0.26698,0.491888
0.5,equal,1.79122,0.263557,0.0977939,0.106678,0.103993,0.427978
0.5,equal,1.76483,0.07804,0.21927,0.259099,0.224037,0.219553
0.5,equal,2.6206,0.0852221,0.0296557,0.465,0.0672323,0.35289
0.5,equal,2.7101,0.0760117,0.00607886,0.128232,0.014278,0.7754
0.5,equal,2.57556,0.25981,0.152279,0.0652365,0.115438,0.407236
0.5,equal,2.00796,0.0133683,0.0483366,0.0374999,0.341619,0.559176
0.5,equal,1.73834,0.149951,0.0347562,0.54728,0.0606311,0.207382
0.5,equal,1.06745,0.178635,0.017704,0.215346,0.243422,0.344893
0.5,equal,2.49262,0.0542612,0.0930722,0.441196,0.139084,0.272387
0.5,equal,1.57386,0.485761,0.0278581,0.277837,0.00390743,0.204637
0.5,equal,0.331064,0.0778667,0.0475462,0.396317,0.0760895,0.402181
0.5,equal,1.68962,0.276687,0.022622,0.0201465,0.0672148,0.61333
0.5,equal,1.70016,0.0572494,0.25822,0.529857,0.0816743,0.073
0.5,equal,1.06384,0.113663,0.18518,0.445765,0.0647191,0.190673
0.5,equal,1.97083,0.266299,0.0339438,0.266036,0.10567,0.328052
0.5,equal,1.72714,0.0453352,8.23794e-4,0.20981,0.265963,0.478068
0.5,equal,3.23919,0.00354642,0.0422512,0.384456,0.112059,0.457687
0.5,equal,1.86309,0.0134059,0.0539458,0.205106,0.0469457,0.680597
0.5,equal,0.594572,0.122061,0.0779517,0.353016,0.276576,0.170396
0.5,equal,0.750941,0.123886,0.0804659,0.39543,0.330928,0.0692897
0.5,equal,1.3481,0.136123,0.015505,0.499417,0.328778,0.0201765
0.5,equal,1.72291,0.086123,0.00546843,0.44019200000000003,0.460365,0.00785187
0.5,equal,2.65999,0.0428631,0.0139258,0.634853,0.303795,0.00456355
0.5,equal,3.3642,0.174953,0.0968184,0.496917,0.222664,0.00864774
0.5,equal,2.57069,0.0182074,0.0622072,0.501791,0.402031,0.0157642
0.5,equal,0.476959,0.124418,0.550109,0.0465377,0.00230854,0.276626
0.5,equal,3.07213,0.0550001,0.00110351,0.0831042,0.588149,0.272643
0.5,equal,2.70841,0.0181786,0.0117301,0.135254,0.0260589,0.808778
0.5,equal,1.87914,0.204361,0.235736,0.14447,0.160591,0.254843
0.5,equal,0.825867,0.0961687,0.0264033,0.379392,0.220387,0.27765
0.5,equal,1.90932,0.322865,0.086299,0.27229,0.26827,0.0502772
0.5,equal,1.17469,0.24912,0.0976087,0.248788,0.0677074,0.336776
0.5,equal,3.82445,0.0222537,0.0352779,0.167119,0.336352,0.438997
0.5,equal,2.96498,0.25597,0.0180848,0.149289,0.0489723,0.527684
0.5,equal,2.11518,0.104773,0.0352675,0.220847,0.1406,0.498512
0.5,equal,1.86351,0.0804337,0.0640962,0.317608,0.207818,0.330043
0.5,equal,1.59418,0.092216,0.0653179,0.200601,0.226911,0.414954
0.5,equal,2.84654,0.0932286,0.0962381,0.472333,0.160642,0.177558
0.5,equal,2.57895,0.0347984,0.0820657,0.107208,0.0596189,0.716309
0.5,equal,3.67651,0.0329502,0.0532971,0.342576,0.00501559,0.566161
0.5,equal,0.893387,0.273474,0.102182,0.108879,0.455398,0.0600681
0.5,equal,2.21851,0.071579,0.171458,0.0115173,0.0621073,0.683338
0.5,equal,0.832511,0.210518,0.194929,0.0906772,0.299501,0.204375
0.5,equal,3.27721,0.0663708,0.0734632,0.170579,0.0340456,0.655542
0.5,equal,0.423444,0.0414151,0.141337,0.38316,0.336151,0.0979378
0.5,equal,0.955423,0.0820094,0.130149,0.518719,0.166615,0.102508
0.5,equal,0.85283,0.0269421,0.039381,0.301346,0.627383,0.00494726
0.5,equal,2.22882,0.408243,0.211823,0.119763,0.0169038,0.243268
0.5,equal,0.942473,0.17487,0.128132,0.226964,0.160475,0.309559
0.5,equal,0.715095,0.00468514,0.0671205,0.320244,0.343109,0.264841
0.5,equal,1.82092,0.100107,0.327333,0.135848,0.0855891,0.351123
0.5,equal,0.557295,0.223835,0.0798189,0.24689,0.0966508,0.352805
0.5,equal,0.761133,0.148843,0.141775,0.310464,0.0911767,0.307741
0.5,equal,1.07971,0.0444372,0.01538,0.119359,0.336346,0.484478
0.5,equal,1.38471,0.35672,0.225745,0.046089,0.278799,0.0926471
0.5,equal,0.53545,0.145223,0.431596,0.276494,0.126076,0.0206108
0.5,equal,1.34421,0.189671,0.128857,0.0832792,0.0701579,0.528035
0.5,equal,1.1096,0.163036,0.0843416,0.343748,0.259637,0.149237
0.5,equal,1.5565,0.0745872,0.0529901,0.110897,0.069869,0.691657
0.5,equal,1.65606,0.109521,0.0961658,0.414169,0.00458484,0.37556
0.5,equal,3.55124,0.0766092,0.075635,0.090033,0.0733008,0.684422
0.5,equal,1.23523,0.0374075,0.137815,0.520056,0.0229651,0.281756
0.5,equal,2.40859,0.158158,0.125529,0.0808327,0.00922393,0.626256
0.5,equal,1.63702,0.100086,0.106429,0.52976,0.111485,0.15224
0.5,equal,3.61114,0.0637776,0.162029,0.490147,0.258038,0.0260093
0.5,equal,3.47729,0.146068,0.0161953,0.423344,0.151952,0.262441
0.5,equal,1.60223,0.158479,0.142448,0.0997729,0.0950473,0.504252
0.5,equal,1.95505,0.212004,0.182559,0.294008,0.272438,0.0389901
0.5,equal,2.37244,0.0386514,0.0244587,0.405821,0.366845,0.164225
0.5,equal,2.39309,0.0399245,0.0246552,0.388017,0.26294,0.284463
0.5,equal,1.98663,0.015039,0.0286328,0.485382,0.0161221,0.454824
0.5,equal,4.46719,0.0189512,0.0590224,0.352279,0.265555,0.304193
0.5,equal,0.381007,0.531304,0.0746751,0.0994064,0.0742473,0.220367
0.5,equal,1.08182,0.145221,0.201213,0.126015,0.266471,0.261081
0.5,equal,3.02658,0.121685,0.0576582,0.313414,0.0760049,0.431238
0.5,equal,0.947789,0.158463,0.0434849,0.160666,0.358517,0.27887
0.5,equal,2.82259,0.0131348,0.168811,0.187537,0.0143984,0.616119
0.5,equal,2.68728,0.0214804,0.105955,0.303125,0.0158494,0.55359
0.5,equal,1.48846,0.085698,0.127931,0.269184,0.00772857,0.509458
0.5,equal,1.91657,0.225712,0.0360361,0.282056,0.0199603,0.436235
0.5,equal,3.4494,0.035087,0.0571761,0.0825074,0.00180433,0.823425
0.5,equal,1.52061,0.158563,0.0902924,0.161374,0.00420051,0.58557
0.5,equal,1.82835,0.14828,0.0719353,0.0155649,0.212625,0.551595
0.5,equal,2.23602,0.143489,0.17302,0.00553014,0.105545,0.572417
0.5,equal,2.15984,0.0258976,0.0364266,0.784017,0.0743102,0.0793485
0.5,equal,2.54823,0.226315,0.0170318,0.0243697,0.122993,0.609291
0.5,equal,0.508585,0.0644568,0.00713305,0.461519,0.185638,0.281253
0.5,equal,0.705228,0.125914,0.0591792,0.184036,0.608259,0.0226107
0.5,equal,2.33108,0.0520443,0.0698946,0.291393,0.0110916,0.575577
0.5,equal,3.22167,0.023049300000000002,0.251422,0.228666,0.0129982,0.483865
0.5,equal,2.1442,0.0452934,0.00870276,0.437083,0.00685773,0.502063
0.5,equal,1.89675,0.060362,0.0359185,0.41953,0.00493918,0.479251
0.5,equal,2.3929,0.177769,0.190466,0.122544,0.0575582,0.451663
0.5,equal,0.401577,0.108369,0.0455899,0.0741286,0.653127,0.118785
0.5,equal,3.46851,0.0565322,0.0240923,0.602697,0.0100866,0.306592
0.5,equal,1.54774,0.121819,0.249475,0.106381,0.0572407,0.465085
0.5,equal,2.0849,0.0176315,0.0445743,0.0550051,0.0219708,0.860818
0.5,equal,2.12546,0.234347,0.00254087,0.421074,0.214846,0.127193
0.5,equal,0.30309,0.332913,0.00656154,0.145692,0.201564,0.31327
0.5,equal,3.41958,0.0616564,0.0312497,0.40814,0.263422,0.235531
0.5,equal,2.06189,0.0177696,0.140426,0.166939,0.0842921,0.590573
0.5,equal,2.56507,0.139456,0.0643898,0.328762,0.271246,0.196146
0.5,equal,2.75003,0.0897521,0.0762275,0.225596,0.13063,0.477795
0.5,equal,0.561184,0.173243,0.192138,0.178918,0.223738,0.231964
0.5,equal,2.48493,0.220991,0.108657,0.563268,0.0989471,0.00813701
0.5,equal,0.220591,0.191959,0.140515,0.0210149,0.379356,0.267156
0.5,equal,0.971589,0.0759279,0.142445,0.253873,0.438872,0.088882
0.5,equal,1.53984,0.143897,0.147848,0.35858,0.103083,0.246593
0.5,equal,0.850939,0.203851,0.0980256,0.352765,0.202342,0.143017
0.5,equal,0.904942,0.347636,0.0908605,0.148405,0.26047,0.152629
0.5,equal,0.885984,0.418468,0.0738488,0.143738,0.205757,0.158188
0.5,equal,1.73546,0.0280558,0.0234646,0.282757,0.0686958,0.597027
0.5,equal,0.494605,0.143435,0.106933,0.0218003,0.401831,0.326
0.5,equal,0.671849,0.217876,0.190459,0.050982,0.014697,0.525986
0.5,equal,3.1683500000000002,0.101471,0.0907014,0.0655359,0.0151511,0.72714
0.5,equal,2.88433,0.138521,0.0759684,0.0409779,0.0160551,0.728478
0.5,equal,1.44614,0.0884126,0.142906,0.0568253,0.286348,0.425508
0.5,equal,2.09416,0.250245,0.155443,0.0498046,0.134432,0.410075
0.5,equal,1.68398,0.0589149,0.126615,0.071085400000000007,0.174945,0.56844
0.5,equal,3.24432,0.138519,0.102141,0.529708,0.14634,0.0832916
0.5,equal,2.0262,0.0591708,5.7445e-4,0.0397569,0.0962042,0.804294
0.5,equal,1.67215,0.1271,0.318846,0.37392,0.115128,0.0650055
0.5,equal,1.67215,0.1271,0.318846,0.37392,0.115128,0.0650055
0.5,equal,1.57303,0.108853,0.135843,0.304254,0.198032,0.253018
0.5,equal,2.0221,0.220379,0.0301916,0.421942,0.0249513,0.302536
0.5,equal,2.13463,0.150134,0.178551,0.164652,0.0197652,0.486897
0.5,equal,1.07114,0.150405,0.0802607,0.235445,0.449659,0.0842307
0.5,equal,0.99382,0.0679173,0.270191,0.318131,0.227132,0.116629
0.5,equal,0.456793,0.0144801,0.183215,0.0672949,0.141597,0.593413
0.5,equal,0.335817,0.00858566,0.157715,0.13047,0.191537,0.511693
0.5,equal,1.0175399999999999,0.00354089,0.280521,0.172456,0.296036,0.247447
0.5,equal,2.37586,0.00166781,0.0535223,0.0439303,0.0795955,0.821284
0.5,equal,2.64585,0.00118852,0.0737419,0.0206322,0.129563,0.774874
0.5,equal,3.09688,9.00259e-4,0.0835152,0.0177746,0.091071,0.806739
0.5,equal,4.22155,0.159623,0.074373,0.27815,0.361988,0.125865
0.5,equal,3.79623,0.0302823,0.0626262,0.379896,0.0184909,0.508704
0.5,equal,2.81228,0.0189084,0.0491438,0.493874,0.0538194,0.384255
0.5,equal,2.8285,0.311883,0.00329181,0.203319,0.182365,0.299142
0.5,equal,2.09422,0.143597,0.00584045,0.251584,0.203759,0.395219
0.5,equal,2.4902,0.194711,0.0118118,0.222757,0.0624248,0.508295
0.5,equal,2.18157,0.0379177,0.1886,0.275812,0.228212,0.269458
0.5,equal,2.25132,0.0461475,0.0793538,0.0458068,0.101687,0.727005
0.5,equal,1.40154,0.0382245,0.170965,0.505347,0.181049,0.104415
0.5,equal,3.16685,0.00216969,0.00536938,0.340595,0.0385748,0.613291
0.5,equal,4.32251,6.53075e-4,0.0629316,0.420604,0.153658,0.362154
0.5,equal,1.17775,0.0999715,0.0309999,0.133101,0.14005600000000001,0.595872
0.5,equal,1.55353,0.0998443,0.172851,0.0345218,0.329293,0.36349
0.5,equal,2.15738,0.233553,0.0708975,0.0713503,0.0896814,0.534518
0.5,equal,1.54277,0.0757044,0.0834629,0.398792,0.107842,0.334198
0.5,equal,1.08237,0.306394,0.0679761,0.352135,0.170624,0.10287
0.5,equal,1.85455,0.0273752,0.181579,0.0890981,0.171769,0.530178
0.5,equal,2.71428,0.133527,0.0545336,0.023239,0.239189,0.549511
0.5,equal,2.9808,0.0712325,0.130849,0.26686,0.120541,0.410518
0.5,equal,1.50829,0.136827,0.0805103,0.115756,0.0897107,0.577196
0.5,equal,3.87161,0.0723787,0.058334,0.171863,0.295513,0.401911
0.5,equal,0.772291,0.198997,0.0242022,0.468055,0.101294,0.207451
0.5,equal,0.60462,0.249349,0.0191785,0.534204,0.0449783,0.15229
0.5,equal,1.87556,0.155388,0.169079,0.0290977,0.3274,0.319036
0.5,equal,2.11882,0.181505,0.146769,0.0221974,0.452187,0.197342
0.5,equal,2.24131,0.164105,0.0921457,0.0140509,0.526372,0.203327
0.5,equal,1.50385,0.154432,0.227851,0.0604096,0.110087,0.447221
0.5,equal,0.936219,0.181366,0.0956263,0.356986,0.209259,0.156763
0.5,equal,1.20262,0.0188174,0.322329,0.0316495,0.567648,0.0595561
0.5,equal,0.680765,0.038303,0.150896,0.0557976,0.502234,0.25277
0.5,equal,0.980891,0.201718,0.0591788,0.0183109,0.297045,0.423747
0.5,equal,1.58789,0.233941,0.0493441,0.13375,0.0756948,0.50727
0.5,equal,2.12747,0.193269,0.0292278,0.379475,0.11672,0.281309
0.5,equal,3.07142,0.0352131,0.085899,0.187688,0.0727585,0.618441
0.5,equal,1.83348,0.0459712,0.113832,0.144405,0.350643,0.345148
0.5,equal,3.82757,0.0409903,0.0917496,0.160869,0.137999,0.568392
0.5,equal,3.58954,0.0731154,0.0693022,0.292064,0.18283,0.382688
0.5,equal,1.58381,0.0343178,0.148305,0.199302,0.100597,0.517478
0.5,equal,2.14946,0.211542,0.0801054,0.105041,0.272446,0.330866
0.5,equal,2.40332,0.0111324,0.117853,0.440879,0.060467,0.369669
0.5,equal,2.60689,0.0578596,0.0515276,0.110225,0.0394936,0.740894
0.5,equal,0.449265,0.0173087,0.256629,0.353906,0.286574,0.0855825
0.5,equal,3.63271,0.11908,0.0389299,0.247178,0.0663205,0.528492
0.5,equal,2.9065,0.0766168,0.0934427,0.443134,0.131635,0.255171
0.5,equal,2.6436,0.0659601,0.0972817,0.111824,0.0871453,0.637789
0.5,equal,2.08749,0.0391791,0.129384,0.0353036,0.154125,0.642009
0.5,equal,1.30862,0.0870921,0.181007,0.112695,0.130687,0.48852
0.5,equal,0.555827,0.168231,0.0994376,0.503962,0.0903737,0.137996
0.5,equal,1.64575,0.316147,0.0346786,0.326358,0.246565,0.0762511
0.5,equal,1.7253,0.0787822,0.0532848,0.474854,0.212745,0.180334
0.5,equal,2.12301,0.107009,0.123214,0.0767569,0.203408,0.489612
0.5,equal,1.83803,0.00563061,0.10569,0.523461,0.150063,0.215155
0.5,equal,0.958884,0.00378057,0.0415569,0.1574,0.167317,0.629946
0.5,equal,3.89854,0.0913648,0.0340818,0.38127,0.133439,0.359844
0.5,equal,3.05037,0.146551,0.0548491,0.274905,0.191502,0.332194
0.5,equal,3.20007,0.194419,0.0950684,0.278343,0.157569,0.274601
0.5,equal,3.1253,0.189524,0.148954,0.193237,0.164369,0.303916
0.5,equal,1.52312,0.0086853,0.0235119,0.0840393,0.122061,0.761702
0.5,equal,3.31744,0.0152936,0.207449,0.0509259,0.32125,0.405082
0.5,equal,2.72191,0.288765,0.00708716,0.0131358,0.123031,0.56798
0.5,equal,0.933941,0.0160778,0.0307945,0.339093,0.0757373,0.538298
0.5,equal,1.793,0.0169164,0.0900805,0.0285047,0.288235,0.576264
0.5,equal,1.00193,0.461466,0.105256,9.14767e-5,0.0952382,0.337948
0.5,equal,0.651623,0.0187502,0.311016,0.0772482,0.256991,0.335994
0.5,equal,1.36708,0.0147034,0.138506,0.303472,0.317024,0.226295
0.5,equal,1.08511,0.0145403,0.141173,0.412431,0.283339,0.148517
0.5,equal,2.33891,0.22817,0.127211,0.33329,0.0829356,0.228394
0.5,equal,1.51488,0.0360785,0.122615,0.0516691,0.129765,0.659872
0.5,equal,2.80134,0.0657753,0.0810718,0.601285,0.109388,0.14248
0.5,equal,1.72985,0.137814,0.0161827,0.461512,0.207077,0.177414
0.5,equal,2.08533,0.0239919,0.165159,0.0553155,0.102675,0.652859
0.5,equal,0.677,0.093216,0.106924,0.0265793,0.326324,0.446957
0.5,equal,0.515899,0.105383,0.0891268,0.0189524,0.32194,0.464598
0.5,equal,0.283698,0.277907,0.511162,0.116449,0.0170702,0.0774118
0.5,equal,0.634875,0.128537,0.27536,0.364551,0.0215463,0.210005
0.5,equal,0.484212,0.262512,0.20388,0.337645,0.0204672,0.175496
0.5,equal,2.12871,0.0836019,0.0357634,0.00791125,0.00686234,0.865861
0.5,equal,1.75398,0.190253,0.0301272,0.113589,0.604391,0.0616392
0.5,equal,0.434443,0.109751,0.675894,0.0885202,0.0105492,0.115286
0.5,equal,4.46782,0.0663259,0.00304375,0.219195,0.438212,0.273223
0.5,equal,1.25699,0.0352381,0.02199,0.265109,0.0200459,0.657616
0.5,equal,2.27685,0.206283,0.0156636,0.453481,0.0101047,0.314468
0.5,equal,3.32959,0.0097276,0.0366355,0.238122,0.0927587,0.622756
0.5,equal,1.78436,0.0947031,0.156305,0.368861,0.227479,0.152652
0.5,equal,1.6232,0.187332,0.110103,0.0881536,0.0163906,0.598021
0.5,equal,1.4567,0.0382653,0.214401,0.325054,0.0305832,0.391696
0.5,equal,1.25466,0.0875082,0.0449377,0.392953,0.153419,0.321182
0.5,equal,1.29734,0.128117,0.0621827,0.206714,0.166584,0.436403
0.5,equal,1.53288,0.200999,0.365306,0.0443137,0.224401,0.16498
0.5,equal,1.14424,0.202374,0.247329,0.12587,0.243928,0.1805
0.5,equal,0.607765,0.0407662,0.127955,0.044699,0.293279,0.4933
0.5,equal,1.64969,0.0415933,0.320235,0.062819,0.506646,0.0687068
0.5,equal,1.69314,0.306722,0.0210348,0.410872,0.00878388,0.252588
0.5,equal,1.15392,0.0822318,0.0340456,0.111511,3.18564e-4,0.771893
0.5,equal,1.34576,0.235989,0.471628,0.158897,0.0741595,0.0593256
0.5,equal,1.06677,0.153335,0.0158881,0.128094,0.333221,0.369462
0.5,equal,0.493851,0.181456,0.294968,0.186058,0.230252,0.107266
0.5,equal,2.19903,0.144603,0.0841551,0.152126,0.114862,0.504253
0.5,equal,2.06174,0.106866,0.0546635,0.209639,0.1663,0.462532
0.5,equal,1.86959,0.170354,0.0516661,0.013429,0.00189703,0.762654
0.5,equal,2.05277,0.145362,0.106034,0.014662,0.636658,0.0972839
0.5,equal,0.30079,0.521933,0.0898863,0.28108,0.0351473,0.0719533
0.5,equal,2.74721,0.011226,0.174524,0.103028,0.469002,0.24222
0.5,equal,2.05951,0.0244157,0.129098,0.0516238,0.0670541,0.727808
0.5,equal,1.80808,0.0503369,0.175888,0.079894,0.128757,0.565125
0.5,equal,1.92995,0.291704,0.10372,0.173256,0.0763955,0.354925
0.5,equal,1.26719,0.205822,0.220174,0.0803443,0.101354,0.392305
0.5,equal,0.281691,0.285949,0.104471,0.0754943,0.0299703,0.504115
0.5,equal,2.68388,0.0423873,0.00658973,0.0922067,0.254765,0.604051
0.5,equal,2.45986,0.100437,0.120896,0.0675922,0.141495,0.569581
0.5,equal,3.25041,0.0324745,0.0992046,0.134295,0.400875,0.333151
0.5,equal,0.673504,0.423416,0.128631,0.201252,0.0218006,0.2249
0.5,equal,0.749997,0.382771,0.132225,0.206149,0.0200446,0.25881
0.5,equal,1.38586,0.0785833,0.1627,0.160257,0.56781,0.0306492
0.5,equal,1.40344,0.0711266,0.0577806,0.432625,0.089887,0.348581
0.5,equal,1.90623,0.0520765,0.0318625,0.328135,0.039023,0.548903
0.5,equal,2.95424,0.164,0.0171482,0.121486,0.0540168,0.643349
0.5,equal,1.09265,0.112453,0.31255,0.220039,0.230341,0.124616
0.5,equal,1.0789,0.00175768,0.125084,0.289538,0.229223,0.354397
0.5,equal,3.98141,0.143351,0.0521575,0.199602,0.101434,0.503456
0.5,equal,4.13024,0.0368685,0.0401577,0.198449,0.151525,0.573
0.5,equal,3.61968,0.130131,0.0241087,0.216353,0.28148,0.347927
0.5,equal,0.591342,0.00751966,0.0586998,0.285665,0.0129394,0.635176
0.5,equal,0.762198,0.00255299,0.0188063,0.270082,0.0187024,0.689857
0.5,equal,2.65269,0.00371668,0.253302,0.0327974,0.40127,0.308914
0.5,equal,2.18535,0.370283,0.00389169,0.395762,0.0206594,0.209405
0.5,equal,3.69002,0.0133763,0.128845,0.251789,0.21622,0.38977
0.5,equal,0.963548,0.548597,0.0243507,0.102385,0.137642,0.187025
0.5,equal,0.642352,0.0216956,0.590869,0.181408,0.176443,0.0295834
0.5,equal,1.29947,0.129988,0.0457807,0.672153,0.0321115,0.119967
0.5,equal,2.57651,0.0589195,0.00547932,0.00224205,0.00395108,0.929408
